100,101
8
19
3
7
12
18
0
8
17
4
6
12
17
11
6
7
5
12
1
8
16
17
0
5
17
5
16
7
13
18
19
13
17
15
0
2
13
13
10
10
9
8
2
6
0
0
14
5
5
7
6
1
4
6
18
13
12
6
0
17
4
0
11
14
15
3
16
8
16
18
10
6
7
4
12
19
4
18
16
1
5
2
14
1
1
4
15
13
11
15
10
7
7
13
1
14
17
9
14
13
15 53
61 78
6 78
6 59
6 61
59 61
59 78
8 9
8 10
9 10
41 45
46 80
46 63
63 80
43 63
43 80
43 46
58 99
20 99
20 58
12 22
13 81
13 97
81 97
27 86
27 28
27 83
28 83
28 86
16 28
16 83
16 27
16 86
83 86
52 82
33 52
33 82
33 49
49 52
49 82
18 94
11 18
11 94
5 76
5 25
25 76
30 54
24 30
24 54
14 98
14 68
68 98
34 100
34 36
36 100
42 79
3 44
1 55
1 39
39 55
32 73
32 57
57 73
38 67
38 65
7 67
7 38
7 65
4 7
4 65
4 67
4 38
65 67
48 85
51 95
50 71
19 71
19 50
75 93
2 75
2 93
56 60
56 69
60 69
47 69
47 56
47 60
26 91
26 88
26 87
87 91
87 88
88 91
66 90
66 77
77 90
29 92
21 92
21 29
17 40
62 96
